28
138  215  0.130  12.0
3.  0.820 700.0
4.  0.808 1100.0
5.  0.823 1800.0
6.  0.835 2700.0
7.  0.807 4000.0
8.  0.805 5600.0
9.  0.804 7700.0
10. 0.803 10300.0
11. 0.607 12000.0
12. 0.426 12000.0
13. 0.339 12000.0
14. 0.251 12000.0
15. 0.211 12000.0
16. 0.171 12000.0
17. 0.145 12000.0
18. 0.118 12000.0
19. 0.102 12000.0
20. 0.085 12000.0
21. 0.076 12000.0
22. 0.066 12000.0
23. 0.059 12000.0
24. 0.052 12000.0
25. 0.047 12000.0
26. 0.041 12000.0
27. 0.036 12000.0
28. 0.030 12000.0
29. 0.025 12000.0
30. 0.020 12000.0
