1000.00    285.00	 0.00
  25.00     285.00	  0.00       10.00	 0.00
  75.00     285.00	  0.00       10.00	 0.00
 125.00     285.00	  0.00       10.00	 0.00
 175.00     285.00	  0.00       10.00	 0.00
 225.00     285.00	  0.00       10.00	 0.00
 275.00     285.00	  0.00       10.00	 0.00
 325.00     285.00	  0.00       10.00	 0.00
 375.00     285.00	  0.00       10.00	 0.00
 425.00     285.00	  0.00       10.00	 0.00
 468.00     285.00	  0.00       10.00	 0.00
 500.00     285.00	  0.00       10.00	 0.00
 600.00     290.00	  0.00       10.00	 0.00
1600.00     293.00	  0.00       10.00	 0.00
2600.00     296.00	  0.00       10.00	 0.00
3600.00     299.00	  0.00       10.00	 0.00
4600.00     302.00	  0.00       10.00	 0.00
5600.00     305.00	  0.00       10.00	 0.00
6600.00     308.00	  0.00       10.00	 0.00
7600.00     311.00	  0.00       10.00	 0.00
8600.00     314.00	  0.00       10.00	 0.00
9600.00     317.00	  0.00       10.00	 0.00
10600.00    320.00	  0.00       10.00	 0.00
11600.00    323.00	  0.00       10.00	 0.00
12600.00    326.00	  0.00       10.00	 0.00
13600.00    329.00	  0.00       10.00	 0.00
14600.00    332.00	  0.00       10.00	 0.00
15600.00    335.00	  0.00       10.00	 0.00
16600.00    338.00	  0.00       10.00	 0.00
17600.00    341.00	  0.00       10.00	 0.00
18600.00    344.00	  0.00       10.00	 0.00
19600.00    347.00	  0.00       10.00	 0.00
20600.00    350.00	  0.00       10.00	 0.00
