40.73748293 -70.16709931 1
40.73748293 -70.14602280999999 1
40.73748293 -70.12494631 1
40.73748293 -70.10386980999999 1
40.73748293 -70.08279331 1
40.73748293 -70.06171681 1
40.720780829999995 -70.16709931 1
40.720780829999995 -70.14602280999999 1
40.720780829999995 -70.12494631 1
40.720780829999995 -70.10386980999999 1
40.720780829999995 -70.08279331 1
40.720780829999995 -70.06171681 1
40.70407873 -70.16709931 1
40.70407873 -70.14602280999999 1
40.70407873 -70.12494631 1
40.70407873 -70.10386980999999 1
40.70407873 -70.08279331 1
40.70407873 -70.06171681 1
40.687376629999996 -70.16709931 1
40.687376629999996 -70.14602280999999 1
40.687376629999996 -70.12494631 1
40.687376629999996 -70.10386980999999 1
40.687376629999996 -70.08279331 1
40.687376629999996 -70.06171681 1
40.67067453 -70.16709931 1
40.67067453 -70.14602280999999 1
40.67067453 -70.12494631 1
40.67067453 -70.10386980999999 1
40.67067453 -70.08279331 1
40.67067453 -70.06171681 1
40.653972429999996 -70.16709931 1
40.653972429999996 -70.14602280999999 1
40.653972429999996 -70.12494631 1
40.653972429999996 -70.10386980999999 1
40.653972429999996 -70.08279331 1
40.653972429999996 -70.06171681 1
40.63727033 -70.16709931 1
40.63727033 -70.14602280999999 1
40.63727033 -70.12494631 1
40.63727033 -70.10386980999999 1
40.63727033 -70.08279331 1
40.63727033 -70.06171681 1
40.73748293 -70.18817581 1
40.720780829999995 -70.18817581 1
40.70407873 -70.18817581 1
40.687376629999996 -70.18817581 1
40.67067453 -70.18817581 1
40.653972429999996 -70.18817581 1
40.63727033 -70.18817581 1
40.80429133 -70.20925231 1
40.787589229999995 -70.20925231 1
40.77088713 -70.20925231 1
40.754185029999995 -70.20925231 1
40.73748293 -70.20925231 1
40.720780829999995 -70.20925231 1
40.70407873 -70.20925231 1
40.687376629999996 -70.20925231 1
40.67067453 -70.20925231 1
40.653972429999996 -70.20925231 1
40.63727033 -70.20925231 1
40.78758923 -70.23032881 1
40.77088713 -70.23032881 1
40.75418503 -70.23032881 1
40.73748293 -70.23032881 1
40.72078083 -70.23032881 1
40.70407873 -70.23032881 1
40.68737663 -70.23032881 1
40.67067453 -70.23032881 1
40.65397243 -70.23032881 1
40.63727033 -70.23032881 1
40.77088713 -70.25140531 1
40.754185029999995 -70.25140531 1
40.73748293 -70.25140531 1
40.720780829999995 -70.25140531 1
40.70407873 -70.25140531 1
40.687376629999996 -70.25140531 1
40.67067453 -70.25140531 1
40.653972429999996 -70.25140531 1
40.63727033 -70.25140531 1
40.754185029999995 -70.27248181 1
40.73748292999999 -70.27248181 1
40.720780829999995 -70.27248181 1
40.70407872999999 -70.27248181 1
40.687376629999996 -70.27248181 1
40.67067452999999 -70.27248181 1
40.653972429999996 -70.27248181 1
40.63727032999999 -70.27248181 1
40.73748293 -70.29355831 1
40.720780829999995 -70.29355831 1
40.70407873 -70.29355831 1
40.687376629999996 -70.29355831 1
40.67067453 -70.29355831 1
40.653972429999996 -70.29355831 1
40.63727033 -70.29355831 1
40.720780829999995 -70.31463481 1
40.70407872999999 -70.31463481 1
40.687376629999996 -70.31463481 1
40.67067452999999 -70.31463481 1
40.653972429999996 -70.31463481 1
40.63727032999999 -70.31463481 1
40.70407873 -70.33571131 1
40.687376629999996 -70.33571131 1
40.67067453 -70.33571131 1
40.653972429999996 -70.33571131 1
40.63727033 -70.33571131 1
40.620568229999996 -70.33571131 1
40.60386613 -70.33571131 1
40.687376629999996 -70.35678781 1
40.67067452999999 -70.35678781 1
40.653972429999996 -70.35678781 1
40.63727032999999 -70.35678781 1
40.620568229999996 -70.35678781 1
40.60386612999999 -70.35678781 1
40.67067453 -70.37786430999999 1
40.653972429999996 -70.37786430999999 1
40.63727033 -70.37786430999999 1
40.620568229999996 -70.37786430999999 1
40.60386613 -70.37786430999999 1
40.653972429999996 -70.39894081 1
40.63727032999999 -70.39894081 1
40.620568229999996 -70.39894081 1
40.60386612999999 -70.39894081 1
40.63727033 -70.42001730999999 1
40.620568229999996 -70.42001730999999 1
40.60386613 -70.42001730999999 1
40.620568229999996 -70.44109381 1
40.60386612999999 -70.44109381 1
40.60386613 -70.46217030999999 1
40.82099343 -70.25140531 1
40.90450393 -70.27248181 1
40.887801829999994 -70.27248181 1
40.87109973 -70.27248181 1
40.854397629999994 -70.27248181 1
40.83769553 -70.27248181 1
40.820993429999994 -70.27248181 1
40.80429133 -70.27248181 1
40.88780183 -70.29355831 1
40.87109973 -70.29355831 1
40.85439763 -70.29355831 1
40.83769553 -70.29355831 1
40.82099343 -70.29355831 1
40.80429133 -70.29355831 1
40.78758923 -70.29355831 1
40.87109973 -70.31463481 1
40.854397629999994 -70.31463481 1
40.83769553 -70.31463481 1
40.820993429999994 -70.31463481 1
40.80429133 -70.31463481 1
40.787589229999995 -70.31463481 1
40.77088713 -70.31463481 1
40.85439763 -70.33571131 1
40.83769553 -70.33571131 1
40.82099343 -70.33571131 1
40.80429133 -70.33571131 1
40.78758923 -70.33571131 1
40.77088713 -70.33571131 1
40.75418503 -70.33571131 1
40.83769553 -70.35678781 1
40.820993429999994 -70.35678781 1
40.80429133 -70.35678781 1
40.787589229999995 -70.35678781 1
40.77088713 -70.35678781 1
40.754185029999995 -70.35678781 1
40.73748293 -70.35678781 1
40.82099343 -70.37786430999999 1
40.80429133 -70.37786430999999 1
40.78758923 -70.37786430999999 1
40.77088713 -70.37786430999999 1
40.75418503 -70.37786430999999 1
40.73748293 -70.37786430999999 1
40.72078083 -70.37786430999999 1
40.80429133 -70.39894081 1
40.787589229999995 -70.39894081 1
40.77088713 -70.39894081 1
40.754185029999995 -70.39894081 1
40.73748293 -70.39894081 1
40.720780829999995 -70.39894081 1
40.70407873 -70.39894081 1
40.78758923 -70.42001730999999 1
40.77088713 -70.42001730999999 1
40.75418503 -70.42001730999999 1
40.73748293 -70.42001730999999 1
40.72078083 -70.42001730999999 1
40.70407873 -70.42001730999999 1
40.68737663 -70.42001730999999 1
40.77088713 -70.44109381 1
40.754185029999995 -70.44109381 1
40.73748293 -70.44109381 1
40.720780829999995 -70.44109381 1
40.70407873 -70.44109381 1
40.687376629999996 -70.44109381 1
40.67067453 -70.44109381 1
40.754185029999995 -70.46217030999999 1
40.73748292999999 -70.46217030999999 1
40.720780829999995 -70.46217030999999 1
40.70407872999999 -70.46217030999999 1
40.687376629999996 -70.46217030999999 1
40.67067452999999 -70.46217030999999 1
40.653972429999996 -70.46217030999999 1
40.73748293 -70.48324681 1
40.720780829999995 -70.48324681 1
40.70407873 -70.48324681 1
40.687376629999996 -70.48324681 1
40.67067453 -70.48324681 1
40.653972429999996 -70.48324681 1
40.63727033 -70.48324681 1
40.720780829999995 -70.50432331 1
40.70407872999999 -70.50432331 1
40.687376629999996 -70.50432331 1
40.67067452999999 -70.50432331 1
40.653972429999996 -70.50432331 1
40.63727032999999 -70.50432331 1
40.620568229999996 -70.50432331 1
40.70407873 -70.52539981 1
40.687376629999996 -70.52539981 1
40.67067453 -70.52539981 1
40.653972429999996 -70.52539981 1
40.63727033 -70.52539981 1
40.687376629999996 -70.54647631 1
40.67067452999999 -70.54647631 1
40.653972429999996 -70.54647631 1
40.63727032999999 -70.54647631 1
40.67067453 -70.56755281 1
40.653972429999996 -70.56755281 1
40.63727033 -70.56755281 1
40.653972429999996 -70.58862931 1
40.63727032999999 -70.58862931 1
40.63727033 -70.60970581 1
40.67067453 -70.69401180999999 1
40.68737663 -70.69401180999999 1
40.70407873 -70.69401180999999 1
40.72078083 -70.69401180999999 1
40.73748293 -70.69401180999999 1
40.67067453 -70.67293531 1
40.68737663 -70.67293531 1
40.70407873 -70.67293531 1
40.72078083 -70.67293531 1
40.73748293 -70.67293531 1
40.75418503 -70.67293531 1
40.67067453 -70.65185881 1
40.68737663 -70.65185881 1
40.70407873 -70.65185881 1
40.72078083 -70.65185881 1
40.73748293 -70.65185881 1
40.75418503 -70.65185881 1
40.77088713 -70.65185881 1
40.67067453 -70.63078231 1
40.68737663 -70.63078231 1
40.70407873 -70.63078231 1
40.72078083 -70.63078231 1
40.73748293 -70.63078231 1
40.75418503 -70.63078231 1
40.77088713 -70.63078231 1
40.78758923 -70.63078231 1
40.687376629999996 -70.60970581 1
40.70407873 -70.60970581 1
40.720780829999995 -70.60970581 1
40.73748293 -70.60970581 1
40.754185029999995 -70.60970581 1
40.77088713 -70.60970581 1
40.787589229999995 -70.60970581 1
40.80429133 -70.60970581 1
40.70407873 -70.58862931 1
40.72078083 -70.58862931 1
40.73748293 -70.58862931 1
40.75418503 -70.58862931 1
40.77088713 -70.58862931 1
40.78758923 -70.58862931 1
40.80429133 -70.58862931 1
40.82099343 -70.58862931 1
40.720780829999995 -70.56755281 1
40.73748293 -70.56755281 1
40.754185029999995 -70.56755281 1
40.77088713 -70.56755281 1
40.787589229999995 -70.56755281 1
40.80429133 -70.56755281 1
40.820993429999994 -70.56755281 1
40.83769553 -70.56755281 1
40.73748293 -70.54647631 1
40.75418503 -70.54647631 1
40.77088713 -70.54647631 1
40.78758923 -70.54647631 1
40.80429133 -70.54647631 1
40.82099343 -70.54647631 1
40.83769553 -70.54647631 1
40.85439763 -70.54647631 1
40.754185029999995 -70.52539981 1
40.77088713 -70.52539981 1
40.787589229999995 -70.52539981 1
40.80429133 -70.52539981 1
40.820993429999994 -70.52539981 1
40.83769553 -70.52539981 1
40.854397629999994 -70.52539981 1
40.87109973 -70.52539981 1
40.77088713 -70.50432331 1
40.78758923 -70.50432331 1
40.80429133 -70.50432331 1
40.82099343 -70.50432331 1
40.83769553 -70.50432331 1
40.85439763 -70.50432331 1
40.87109973 -70.50432331 1
40.88780183 -70.50432331 1
40.78758923 -70.48324681 1
40.804291330000005 -70.48324681 1
40.82099343 -70.48324681 1
40.837695530000005 -70.48324681 1
40.85439763 -70.48324681 1
40.871099730000005 -70.48324681 1
40.88780183 -70.48324681 1
40.904503930000004 -70.48324681 1
40.80429133 -70.46217030999999 1
40.82099343 -70.46217030999999 1
40.83769553 -70.46217030999999 1
40.85439763 -70.46217030999999 1
40.87109973 -70.46217030999999 1
40.88780183 -70.46217030999999 1
40.90450393 -70.46217030999999 1
40.92120603 -70.46217030999999 1
40.82099343 -70.44109381 1
40.837695530000005 -70.44109381 1
40.85439763 -70.44109381 1
40.871099730000005 -70.44109381 1
40.88780183 -70.44109381 1
40.904503930000004 -70.44109381 1
40.92120603 -70.44109381 1
40.937908130000004 -70.44109381 1
40.83769553 -70.42001730999999 1
40.85439763 -70.42001730999999 1
40.87109973 -70.42001730999999 1
40.88780183 -70.42001730999999 1
40.90450393 -70.42001730999999 1
40.92120603 -70.42001730999999 1
40.93790813 -70.42001730999999 1
40.95461023 -70.42001730999999 1
40.85439763 -70.39894081 1
40.871099730000005 -70.39894081 1
40.88780183 -70.39894081 1
40.904503930000004 -70.39894081 1
40.92120603 -70.39894081 1
40.937908130000004 -70.39894081 1
40.95461023 -70.39894081 1
40.97131233 -70.39894081 1
40.87109973 -70.37786430999999 1
40.88780183 -70.37786430999999 1
40.90450393 -70.37786430999999 1
40.88780183 -70.35678781 1
40.904503930000004 -70.35678781 1
40.90450393 -70.33571131 1
41.071524929999995 -70.39894081 1
41.05482282999999 -70.39894081 1
41.038120729999996 -70.39894081 1
41.02141862999999 -70.39894081 1
41.071524929999995 -70.42001730999999 1
41.05482282999999 -70.42001730999999 1
41.038120729999996 -70.42001730999999 1
41.02141862999999 -70.42001730999999 1
41.004716529999996 -70.42001730999999 1
41.071524929999995 -70.44109381 1
41.05482282999999 -70.44109381 1
41.038120729999996 -70.44109381 1
41.02141862999999 -70.44109381 1
41.004716529999996 -70.44109381 1
40.98801442999999 -70.44109381 1
41.12163123 -70.46217030999999 1
41.104929129999995 -70.46217030999999 1
41.08822703 -70.46217030999999 1
41.071524929999995 -70.46217030999999 1
41.05482283 -70.46217030999999 1
41.038120729999996 -70.46217030999999 1
41.02141863 -70.46217030999999 1
41.004716529999996 -70.46217030999999 1
40.98801443 -70.46217030999999 1
40.971312329999996 -70.46217030999999 1
41.12163123 -70.48324681 1
41.104929129999995 -70.48324681 1
41.08822703 -70.48324681 1
41.071524929999995 -70.48324681 1
41.05482283 -70.48324681 1
41.038120729999996 -70.48324681 1
41.02141863 -70.48324681 1
41.004716529999996 -70.48324681 1
40.98801443 -70.48324681 1
40.971312329999996 -70.48324681 1
40.95461023 -70.48324681 1
41.104929129999995 -70.50432331 1
41.08822702999999 -70.50432331 1
41.071524929999995 -70.50432331 1
41.05482282999999 -70.50432331 1
41.038120729999996 -70.50432331 1
41.02141862999999 -70.50432331 1
41.004716529999996 -70.50432331 1
40.98801442999999 -70.50432331 1
40.971312329999996 -70.50432331 1
40.95461022999999 -70.50432331 1
40.93790813 -70.50432331 1
41.08822703 -70.52539981 1
41.071524929999995 -70.52539981 1
41.05482283 -70.52539981 1
41.038120729999996 -70.52539981 1
41.02141863 -70.52539981 1
41.004716529999996 -70.52539981 1
40.98801443 -70.52539981 1
40.971312329999996 -70.52539981 1
40.95461023 -70.52539981 1
40.93790813 -70.52539981 1
40.92120603 -70.52539981 1
41.071524929999995 -70.54647631 1
41.05482282999999 -70.54647631 1
41.038120729999996 -70.54647631 1
41.02141862999999 -70.54647631 1
41.004716529999996 -70.54647631 1
40.98801442999999 -70.54647631 1
40.971312329999996 -70.54647631 1
40.95461022999999 -70.54647631 1
40.93790813 -70.54647631 1
40.92120602999999 -70.54647631 1
40.90450393 -70.54647631 1
41.05482283 -70.56755281 1
41.038120729999996 -70.56755281 1
41.02141863 -70.56755281 1
41.004716529999996 -70.56755281 1
40.98801443 -70.56755281 1
40.971312329999996 -70.56755281 1
40.95461023 -70.56755281 1
40.93790813 -70.56755281 1
40.92120603 -70.56755281 1
40.90450393 -70.56755281 1
40.88780183 -70.56755281 1
41.038120729999996 -70.58862931 1
41.02141862999999 -70.58862931 1
41.004716529999996 -70.58862931 1
40.98801442999999 -70.58862931 1
40.971312329999996 -70.58862931 1
40.95461022999999 -70.58862931 1
40.93790813 -70.58862931 1
40.92120602999999 -70.58862931 1
40.90450393 -70.58862931 1
40.887801829999994 -70.58862931 1
40.87109973 -70.58862931 1
41.02141863 -70.60970581 1
41.004716529999996 -70.60970581 1
40.98801443 -70.60970581 1
40.971312329999996 -70.60970581 1
40.95461023 -70.60970581 1
40.93790813 -70.60970581 1
40.92120603 -70.60970581 1
40.90450393 -70.60970581 1
40.88780183 -70.60970581 1
40.87109973 -70.60970581 1
40.85439763 -70.60970581 1
41.004716529999996 -70.63078231 1
40.98801442999999 -70.63078231 1
40.971312329999996 -70.63078231 1
40.95461022999999 -70.63078231 1
40.93790813 -70.63078231 1
40.92120602999999 -70.63078231 1
40.90450393 -70.63078231 1
40.887801829999994 -70.63078231 1
40.87109973 -70.63078231 1
40.854397629999994 -70.63078231 1
40.83769553 -70.63078231 1
40.98801443 -70.65185881 1
40.971312329999996 -70.65185881 1
40.95461023 -70.65185881 1
40.93790813 -70.65185881 1
40.92120603 -70.65185881 1
40.90450393 -70.65185881 1
40.88780183 -70.65185881 1
40.87109973 -70.65185881 1
40.85439763 -70.65185881 1
40.83769553 -70.65185881 1
40.82099343 -70.65185881 1
40.971312329999996 -70.67293531 1
40.95461022999999 -70.67293531 1
40.93790813 -70.67293531 1
40.92120602999999 -70.67293531 1
40.90450393 -70.67293531 1
40.887801829999994 -70.67293531 1
40.87109973 -70.67293531 1
40.854397629999994 -70.67293531 1
40.83769553 -70.67293531 1
40.820993429999994 -70.67293531 1
40.80429133 -70.67293531 1
40.95461023 -70.69401180999999 1
40.93790813 -70.69401180999999 1
40.92120603 -70.69401180999999 1
40.90450393 -70.69401180999999 1
40.88780183 -70.69401180999999 1
40.87109973 -70.69401180999999 1
40.85439763 -70.69401180999999 1
40.83769553 -70.69401180999999 1
40.82099343 -70.69401180999999 1
40.80429133 -70.69401180999999 1
40.78758923 -70.69401180999999 1
40.93790813 -70.71508831 1
40.92120602999999 -70.71508831 1
40.90450393 -70.71508831 1
40.887801829999994 -70.71508831 1
40.87109973 -70.71508831 1
40.854397629999994 -70.71508831 1
40.83769553 -70.71508831 1
40.820993429999994 -70.71508831 1
40.80429133 -70.71508831 1
40.787589229999995 -70.71508831 1
40.77088713 -70.71508831 1
40.92120603 -70.73616480999999 1
40.90450393 -70.73616480999999 1
40.88780183 -70.73616480999999 1
40.87109973 -70.73616480999999 1
40.85439763 -70.73616480999999 1
40.83769553 -70.73616480999999 1
40.82099343 -70.73616480999999 1
40.80429133 -70.73616480999999 1
40.78758923 -70.73616480999999 1
40.77088713 -70.73616480999999 1
40.90450393 -70.75724131 1
40.887801829999994 -70.75724131 1
40.87109973 -70.75724131 1
40.854397629999994 -70.75724131 1
40.88780183 -70.77831780999999 1
40.87109973 -70.77831780999999 1
40.85439763 -70.77831780999999 1
40.87109973 -70.79939431 1
40.854397629999994 -70.79939431 1
40.85439763 -70.82047081 1
40.72078083 -71.03123581000001 1
40.737482930000006 -71.03123581000001 1
40.75418503 -71.03123581000001 1
40.770887130000006 -71.03123581000001 1
40.78758923 -71.03123581000001 1
40.804291330000005 -71.03123581000001 1
40.82099343 -71.03123581000001 1
40.837695530000005 -71.03123581000001 1
40.85439763 -71.03123581000001 1
40.871099730000005 -71.03123581000001 1
40.88780183 -71.03123581000001 1
40.904503930000004 -71.03123581000001 1
40.92120603 -71.03123581000001 1
40.937908130000004 -71.03123581000001 1
40.95461023 -71.03123581000001 1
40.97131233 -71.03123581000001 1
40.98801443 -71.03123581000001 1
40.85439763 -71.01015931 1
40.871099730000005 -71.01015931 1
40.88780183 -71.01015931 1
40.904503930000004 -71.01015931 1
40.92120603 -71.01015931 1
40.937908130000004 -71.01015931 1
40.95461023 -71.01015931 1
40.97131233 -71.01015931 1
40.98801443 -71.01015931 1
40.85439763 -70.98908281000001 1
40.85439763 -70.96800631 1
40.85439763 -70.94692981000001 1
40.85439763 -70.92585331000001 1
40.85439763 -70.90477681000002 1
40.85439763 -70.88370031000001 1
40.871099730000005 -70.98908281000001 1
40.871099730000005 -70.96800631 1
40.871099730000005 -70.94692981000001 1
40.871099730000005 -70.92585331000001 1
40.871099730000005 -70.90477681000002 1
40.871099730000005 -70.88370031000001 1
40.88780183 -70.98908281000001 1
40.88780183 -70.96800631 1
40.88780183 -70.94692981000001 1
40.88780183 -70.92585331000001 1
40.88780183 -70.90477681000002 1
40.88780183 -70.88370031000001 1
40.904503930000004 -70.98908281000001 1
40.904503930000004 -70.96800631 1
40.904503930000004 -70.94692981000001 1
40.904503930000004 -70.92585331000001 1
40.904503930000004 -70.90477681000002 1
40.904503930000004 -70.88370031000001 1
40.92120603 -70.98908281000001 1
40.92120603 -70.96800631 1
40.92120603 -70.94692981000001 1
40.92120603 -70.92585331000001 1
40.92120603 -70.90477681000002 1
40.92120603 -70.88370031000001 1
40.937908130000004 -70.98908281000001 1
40.937908130000004 -70.96800631 1
40.937908130000004 -70.94692981000001 1
40.937908130000004 -70.92585331000001 1
40.937908130000004 -70.90477681000002 1
40.937908130000004 -70.88370031000001 1
40.95461023 -70.98908281000001 1
40.95461023 -70.96800631 1
40.95461023 -70.94692981000001 1
40.95461023 -70.92585331000001 1
40.95461023 -70.90477681000002 1
40.95461023 -70.88370031000001 1
40.97131233 -70.98908281000001 1
40.97131233 -70.96800631 1
40.97131233 -70.94692981000001 1
40.97131233 -70.92585331000001 1
40.97131233 -70.90477681000002 1
40.97131233 -70.88370031000001 1
40.98801443 -70.98908281000001 1
40.98801443 -70.96800631 1
40.98801443 -70.94692981000001 1
40.98801443 -70.92585331000001 1
40.98801443 -70.90477681000002 1
40.98801443 -70.88370031000001 1
40.87109973 -70.86262381 1
40.88780183 -70.86262381 1
40.90450393 -70.86262381 1
40.92120603 -70.86262381 1
40.93790813 -70.86262381 1
40.95461023 -70.86262381 1
40.971312329999996 -70.86262381 1
40.98801443 -70.86262381 1
40.88780183 -70.84154731000001 1
40.904503930000004 -70.84154731000001 1
40.92120603 -70.84154731000001 1
40.937908130000004 -70.84154731000001 1
40.95461023 -70.84154731000001 1
40.97131233 -70.84154731000001 1
40.98801443 -70.84154731000001 1
40.90450393 -70.82047081 1
40.92120603 -70.82047081 1
40.93790813 -70.82047081 1
40.95461023 -70.82047081 1
40.971312329999996 -70.82047081 1
40.98801443 -70.82047081 1
40.92120603 -70.79939431000001 1
40.937908130000004 -70.79939431000001 1
40.95461023 -70.79939431000001 1
40.97131233 -70.79939431000001 1
40.98801443 -70.79939431000001 1
41.00471653 -70.79939431000001 1
41.02141863 -70.79939431000001 1
40.93790813 -70.77831781 1
40.95461023 -70.77831781 1
40.971312329999996 -70.77831781 1
40.98801443 -70.77831781 1
41.004716529999996 -70.77831781 1
41.02141863 -70.77831781 1
41.038120729999996 -70.77831781 1
40.95461023 -70.75724131000001 1
40.97131233 -70.75724131000001 1
40.98801443 -70.75724131000001 1
41.00471653 -70.75724131000001 1
41.02141863 -70.75724131000001 1
41.03812073 -70.75724131000001 1
41.05482283 -70.75724131000001 1
41.07152493 -70.75724131000001 1
41.08822703 -70.75724131000001 1
40.971312329999996 -70.73616481 1
40.98801443 -70.73616481 1
41.004716529999996 -70.73616481 1
41.02141863 -70.73616481 1
41.038120729999996 -70.73616481 1
41.05482283 -70.73616481 1
41.071524929999995 -70.73616481 1
41.08822703 -70.73616481 1
40.98801443 -70.71508831000001 1
41.00471653 -70.71508831000001 1
41.02141863 -70.71508831000001 1
41.03812073 -70.71508831000001 1
41.05482283 -70.71508831000001 1
41.07152493 -70.71508831000001 1
41.08822703 -70.71508831000001 1
41.004716529999996 -70.69401181 1
41.02141863 -70.69401181 1
41.038120729999996 -70.69401181 1
41.05482283 -70.69401181 1
41.071524929999995 -70.69401181 1
41.08822703 -70.69401181 1
41.02141863 -70.67293531000001 1
41.03812073 -70.67293531000001 1
41.05482283 -70.67293531000001 1
41.07152493 -70.67293531000001 1
41.08822703 -70.67293531000001 1
41.038120729999996 -70.65185881000001 1
41.05482283 -70.65185881000001 1
41.071524929999995 -70.65185881000001 1
41.08822703 -70.65185881000001 1
41.05482283 -70.63078231000001 1
41.07152493 -70.63078231000001 1
41.08822703 -70.63078231000001 1
41.10492913 -70.63078231000001 1
41.07152493 -70.60970581000001 1
41.088227030000006 -70.60970581000001 1
41.10492913 -70.60970581000001 1
41.121631230000006 -70.60970581000001 1
41.08822703 -70.58862931 1
41.10492913 -70.58862931 1
41.12163123 -70.58862931 1
41.10492913 -70.56755281000001 1
41.121631230000006 -70.56755281000001 1
41.12163123 -70.54647631 1
41.02141863 -70.84154731 1
41.02141863 -70.86262381 1
41.02141863 -70.88370031 1
41.02141863 -70.90477681 1
41.02141863 -70.92585331 1
41.02141863 -70.94692981 1
41.02141863 -70.96800630999999 1
41.02141863 -70.98908281 1
41.02141863 -71.01015930999999 1
41.02141863 -71.03123581 1
41.02141863 -71.05231230999999 1
41.02141863 -71.07338881 1
41.02141863 -71.09446530999999 1
41.02141863 -71.11554181 1
41.02141863 -71.13661830999999 1
41.02141863 -71.15769481 1
41.02141863 -71.17877131 1
41.02141863 -71.19984781 1
41.02141863 -71.22092431 1
41.02141863 -71.24200081 1
41.02141863 -71.26307731 1
41.03812073 -70.94692981 1
41.03812073 -70.96800631 1
41.03812073 -70.98908281 1
41.00471653 -71.07338881 1
41.00471653 -71.09446531 1
41.00471653 -71.11554181 1
41.00471653 -71.13661831 1
41.00471653 -71.15769481 1
41.00471653 -71.17877131 1
41.00471653 -71.19984781 1
41.00471653 -71.22092431 1
41.00471653 -71.24200081 1
41.00471653 -71.26307731 1
40.98801443 -71.07338881 1
40.98801443 -71.09446531 1
40.98801443 -71.11554181 1
40.98801443 -71.13661831 1
40.98801443 -71.15769481 1
40.98801443 -71.17877131 1
40.98801443 -71.19984781 1
40.98801443 -71.22092431 1
40.98801443 -71.24200081 1
40.98801443 -71.26307731 1
40.97131233 -71.07338881 1
40.97131233 -71.09446531 1
40.97131233 -71.11554181 1
40.97131233 -71.13661831 1
40.97131233 -71.15769481 1
40.97131233 -71.17877131 1
40.97131233 -71.19984781 1
40.97131233 -71.22092431 1
40.97131233 -71.24200081 1
40.97131233 -71.26307731 1
41.03812073 -71.22092431 1
41.03812073 -71.24200081000001 1
41.03812073 -71.26307731 1
41.0665143 -70.83522436 1
41.0665143 -70.85630086 1
41.0665143 -70.87737736 1
41.083216400000005 -70.81414785999999 1
41.083216400000005 -70.83522436 1
41.12330144 -70.85208556 1
41.12330144 -70.87316206000001 1
41.12330144 -70.89423856 1
41.12330144 -70.91531506000001 1
41.12330144 -70.93639156 1
41.12330144 -70.95746806000001 1
41.12330144 -70.97854456 1
41.12330144 -70.99962106000001 1
41.12330144 -71.02069756 1
41.12330144 -71.04177406000001 1
41.12330144 -71.06285056 1
41.12330144 -71.08392706000001 1
41.12330144 -71.10500356 1
41.12330144 -71.12608006 1
41.10659934 -70.95746806 1
41.10659934 -70.97854456 1
41.10659934 -70.99962106 1
41.10659934 -71.02069756 1
41.10659934 -71.04177406 1
41.10659934 -71.06285056 1
41.10659934 -71.08392706 1
41.10659934 -71.10500356 1
41.10659934 -71.12608005999999 1
41.10659934 -71.14715656 1
41.10659934 -71.16823305999999 1
41.10659934 -71.18930956 1
41.10659934 -71.21038605999999 1
41.10659934 -71.23146256 1
41.08989724 -70.97854456 1
41.08989724 -70.99962106000001 1
41.08989724 -71.02069756 1
41.08989724 -71.04177406000001 1
41.08989724 -71.06285056 1
41.08989724 -71.08392706000001 1
41.08989724 -71.10500356 1
41.08989724 -71.12608006 1
41.08989724 -71.14715656 1
41.08989724 -71.16823306 1
41.08989724 -71.18930956 1
41.14000354 -70.95746806 1
41.14000354 -70.97854456 1
41.14000354 -70.99962106 1
41.14000354 -71.02069756 1
41.14000354 -71.04177406 1
41.14000354 -71.06285056 1
41.14000354 -71.08392706 1
41.14000354 -71.10500356 1
41.14000354 -71.12608005999999 1
41.156705640000006 -70.95746806 1
41.156705640000006 -70.97854456 1
41.156705640000006 -70.99962106 1
41.156705640000006 -71.02069756 1
41.156705640000006 -71.12608006 1
41.17340774 -71.12608006 1
41.17340774 -71.14715656000001 1
41.17340774 -71.16823306 1
41.17340774 -71.18930956000001 1
41.17340774 -71.21038606 1
41.190109840000005 -71.12608006 1
41.190109840000005 -71.14715656000001 1
41.190109840000005 -71.16823306 1
41.190109840000005 -71.18930956000001 1
41.20681194 -71.12608006 1
41.20681194 -71.14715656000001 1
41.20681194 -71.16823306 1
41.223514040000005 -71.08392706000001 1
41.223514040000005 -71.10500356000001 1
41.223514040000005 -71.12608006 1
41.223514040000005 -71.14715656000001 1
41.223514040000005 -71.16823306 1
41.24021614 -71.08392706000001 1
41.24021614 -71.10500356000001 1
41.24021614 -71.12608006 1
41.24021614 -71.14715656000001 1
41.291992650000005 -71.28415381 1
40.355780180000004 -73.51430511 1
40.355780180000004 -73.49322860999999 1
40.33907808 -73.49322860999999 1
40.33907808 -73.47215210999998 1
40.33907808 -73.45107560999999 1
40.33907808 -73.42999910999998 1
40.33907808 -73.40892260999999 1
40.33907808 -73.38784610999998 1
40.322375980000004 -73.45107560999999 1
40.322375980000004 -73.42999910999998 1
40.322375980000004 -73.40892260999999 1
40.322375980000004 -73.38784610999998 1
40.322375980000004 -73.36676960999999 1
40.322375980000004 -73.34569310999998 1
40.322375980000004 -73.32461660999999 1
40.322375980000004 -73.30354010999999 1
40.322375980000004 -73.28246361 1
40.30567388 -73.42999911 1
40.30567388 -73.40892260999999 1
40.30567388 -73.38784611 1
40.30567388 -73.36676960999999 1
40.30567388 -73.34569311 1
40.30567388 -73.32461660999999 1
40.30567388 -73.30354011 1
40.30567388 -73.28246361 1
40.30567388 -73.26138711 1
40.30567388 -73.24031061 1
40.30567388 -73.21923411 1
40.30567388 -73.19815761 1
40.30567388 -73.17708111 1
40.288971780000004 -73.38784611 1
40.288971780000004 -73.36676960999999 1
40.288971780000004 -73.34569311 1
40.288971780000004 -73.32461660999999 1
40.288971780000004 -73.30354011 1
40.288971780000004 -73.28246361 1
40.288971780000004 -73.26138711 1
40.288971780000004 -73.24031061 1
40.288971780000004 -73.21923411 1
40.288971780000004 -73.19815761 1
40.288971780000004 -73.17708111 1
40.288971780000004 -73.15600461 1
40.288971780000004 -73.13492811 1
40.288971780000004 -73.11385161 1
40.27226968 -73.34569311 1
40.27226968 -73.32461660999999 1
40.27226968 -73.30354011 1
40.27226968 -73.28246361 1
40.27226968 -73.26138711 1
40.27226968 -73.24031061 1
40.27226968 -73.21923411 1
40.27226968 -73.19815761 1
40.27226968 -73.17708111 1
40.27226968 -73.15600461 1
40.27226968 -73.13492811 1
40.255567580000005 -73.32461660999999 1
40.255567580000005 -73.30354010999999 1
40.255567580000005 -73.28246361 1
40.255567580000005 -73.26138710999999 1
40.255567580000005 -73.24031061 1
40.255567580000005 -73.21923410999999 1
40.255567580000005 -73.19815761 1
40.255567580000005 -73.17708110999999 1
40.255567580000005 -73.15600461 1
40.23886548 -73.28246361 1
40.23886548 -73.26138710999999 1
40.23886548 -73.24031061 1
40.23886548 -73.21923410999999 1
40.23886548 -73.19815761 1
40.23886548 -73.17708110999999 1
40.222163380000005 -73.24031061 1
40.222163380000005 -73.21923410999999 1
40.222163380000005 -73.19815761 1
40.20546128 -73.21923410999999 1
39.655242339999994 -73.95335064000001 1
39.63854023999999 -73.95335064000001 1
39.621838139999994 -73.95335064000001 1
39.60513603999999 -73.95335064000001 1
39.588433939999994 -73.95335064000001 1
39.57173183999999 -73.95335064000001 1
39.555029739999995 -73.95335064000001 1
39.53832763999999 -73.95335064000001 1
39.521625539999995 -73.95335064000001 1
39.50492343999999 -73.95335064000001 1
39.488221339999996 -73.95335064000001 1
39.621838139999994 -73.99550364000001 1
39.621838139999994 -73.97442714 1
39.60513603999999 -73.99550364000001 1
39.60513603999999 -73.97442714 1
39.588433939999994 -73.99550364000001 1
39.588433939999994 -73.97442714 1
39.57173183999999 -73.99550364000001 1
39.57173183999999 -73.97442714 1
39.555029739999995 -73.99550364000001 1
39.555029739999995 -73.97442714 1
39.57173184 -74.03765664000001 1
39.57173184 -74.01658014 1
39.555029739999995 -74.03765664000001 1
39.555029739999995 -74.01658014 1
39.53832764 -73.97442714000002 1
39.521625539999995 -73.97442714000002 1
39.50492344 -73.97442714000002 1
39.40471084 -73.95335064000001 1
39.38800874 -73.95335064000001 1
39.37130664 -73.95335064000001 1
39.35460454 -73.95335064000001 1
39.33790244 -73.95335064000001 1
39.32120034 -73.95335064000001 1
39.30449824 -73.95335064000001 1
39.28779614 -73.95335064000001 1
39.27109404 -73.95335064000001 1
39.488221339999996 -73.97442714000002 1
39.40471084 -73.97442714000002 1
39.38800874 -73.97442714000002 1
39.37130664 -73.97442714000002 1
39.35460454 -73.97442714000002 1
39.33790244 -73.97442714000002 1
39.32120034 -73.97442714000002 1
39.30449824 -73.97442714000002 1
39.28779614 -73.97442714000002 1
39.27109404 -73.97442714000002 1
39.25439194 -73.97442714000002 1
39.488221339999996 -73.99550364000001 1
39.47151923999999 -73.99550364000001 1
39.454817139999996 -73.99550364000001 1
39.43811503999999 -73.99550364000001 1
39.421412939999996 -73.99550364000001 1
39.40471083999999 -73.99550364000001 1
39.38800874 -73.99550364000001 1
39.37130663999999 -73.99550364000001 1
39.35460454 -73.99550364000001 1
39.33790243999999 -73.99550364000001 1
39.32120034 -73.99550364000001 1
39.304498239999994 -73.99550364000001 1
39.28779614 -73.99550364000001 1
39.271094039999994 -73.99550364000001 1
39.25439194 -73.99550364000001 1
39.237689839999994 -73.99550364000001 1
39.488221339999996 -74.01658014000002 1
39.47151923999999 -74.01658014000002 1
39.454817139999996 -74.01658014000002 1
39.43811503999999 -74.01658014000002 1
39.421412939999996 -74.01658014000002 1
39.40471083999999 -74.01658014000002 1
39.38800874 -74.01658014000002 1
39.37130663999999 -74.01658014000002 1
39.35460454 -74.01658014000002 1
39.33790243999999 -74.01658014000002 1
39.32120034 -74.01658014000002 1
39.304498239999994 -74.01658014000002 1
39.28779614 -74.01658014000002 1
39.271094039999994 -74.01658014000002 1
39.25439194 -74.01658014000002 1
39.237689839999994 -74.01658014000002 1
39.22098774 -74.01658014000002 1
39.488221339999996 -74.03765664000001 1
39.47151923999999 -74.03765664000001 1
39.454817139999996 -74.03765664000001 1
39.43811503999999 -74.03765664000001 1
39.421412939999996 -74.03765664000001 1
39.40471083999999 -74.03765664000001 1
39.38800874 -74.03765664000001 1
39.37130663999999 -74.03765664000001 1
39.35460454 -74.03765664000001 1
39.33790243999999 -74.03765664000001 1
39.32120034 -74.03765664000001 1
39.304498239999994 -74.03765664000001 1
39.28779614 -74.03765664000001 1
39.271094039999994 -74.03765664000001 1
39.25439194 -74.03765664000001 1
39.237689839999994 -74.03765664000001 1
39.22098774 -74.03765664000001 1
39.204285639999995 -74.03765664000001 1
39.43811504 -74.05873314000002 1
39.421412939999996 -74.05873314000002 1
39.40471084 -74.05873314000002 1
39.38800874 -74.05873314000002 1
39.37130664 -74.05873314000002 1
39.35460454 -74.05873314000002 1
39.33790244 -74.05873314000002 1
39.32120034 -74.05873314000002 1
39.30449824 -74.05873314000002 1
39.28779614 -74.05873314000002 1
39.27109404 -74.05873314000002 1
39.25439194 -74.05873314000002 1
39.23768984 -74.05873314000002 1
39.22098774 -74.05873314000002 1
39.20428564 -74.05873314000002 1
39.18758354 -74.05873314000002 1
39.43811504 -74.07980964000001 1
39.421412939999996 -74.07980964000001 1
39.40471084 -74.07980964000001 1
39.38800874 -74.07980964000001 1
39.37130664 -74.07980964000001 1
39.35460454 -74.07980964000001 1
39.33790244 -74.07980964000001 1
39.32120034 -74.07980964000001 1
39.30449824 -74.07980964000001 1
39.28779614 -74.07980964000001 1
39.27109404 -74.07980964000001 1
39.25439194 -74.07980964000001 1
39.23768984 -74.07980964000001 1
39.22098774 -74.07980964000001 1
39.20428564 -74.07980964000001 1
39.18758354 -74.07980964000001 1
39.17088144 -74.07980964000001 1
39.43811504 -74.10088614000001 1
39.421412939999996 -74.10088614000001 1
39.40471084 -74.10088614000001 1
39.38800874 -74.10088614000001 1
39.37130664 -74.10088614000001 1
39.35460454 -74.10088614000001 1
39.33790244 -74.10088614000001 1
39.32120034 -74.10088614000001 1
39.30449824 -74.10088614000001 1
39.28779614 -74.10088614000001 1
39.27109404 -74.10088614000001 1
39.25439194 -74.10088614000001 1
39.23768984 -74.10088614000001 1
39.22098774 -74.10088614000001 1
39.20428564 -74.10088614000001 1
39.18758354 -74.10088614000001 1
39.17088144 -74.10088614000001 1
39.15417934 -74.10088614000001 1
39.40471084 -74.12196264 1
39.38800874 -74.12196264 1
39.37130664 -74.12196264 1
39.35460454 -74.12196264 1
39.33790244 -74.12196264 1
39.32120034 -74.12196264 1
39.30449824 -74.12196264 1
39.28779614 -74.12196264 1
39.27109404 -74.12196264 1
39.25439194 -74.12196264 1
39.23768984 -74.12196264 1
39.22098774 -74.12196264 1
39.20428564 -74.12196264 1
39.18758354 -74.12196264 1
39.17088144 -74.12196264 1
39.15417934 -74.12196264 1
39.38800874 -74.14303914000001 1
39.37130663999999 -74.14303914000001 1
39.35460454 -74.14303914000001 1
39.33790243999999 -74.14303914000001 1
39.32120034 -74.14303914000001 1
39.304498239999994 -74.14303914000001 1
39.28779614 -74.14303914000001 1
39.271094039999994 -74.14303914000001 1
39.25439194 -74.14303914000001 1
39.237689839999994 -74.14303914000001 1
39.22098774 -74.14303914000001 1
39.204285639999995 -74.14303914000001 1
39.18758354 -74.14303914000001 1
39.37130664 -74.16411564 1
39.35460454 -74.16411564 1
39.33790244 -74.16411564 1
39.32120034 -74.16411564 1
39.30449824 -74.16411564 1
39.28779614 -74.16411564 1
39.27109404 -74.16411564 1
39.25439194 -74.16411564 1
39.23768984 -74.16411564 1
39.22098774 -74.16411564 1
39.20428564 -74.16411564 1
39.28779614 -74.18519214000001 1
39.271094039999994 -74.18519214000001 1
39.25439194 -74.18519214000001 1
39.237689839999994 -74.18519214000001 1
39.28779614 -74.20626864 1
39.271094039999994 -74.20626864 1
39.28779614 -74.22734514000001 1
39.12077514 -74.14303914000001 1
39.15417934 -74.16411564 1
39.137477239999996 -74.16411564 1
39.12077514 -74.16411564 1
39.104073039999996 -74.16411564 1
39.170881439999995 -74.18519214000001 1
39.15417933999999 -74.18519214000001 1
39.137477239999996 -74.18519214000001 1
39.12077513999999 -74.18519214000001 1
39.104073039999996 -74.18519214000001 1
39.08737093999999 -74.18519214000001 1
39.204285639999995 -74.20626864 1
39.18758353999999 -74.20626864 1
39.170881439999995 -74.20626864 1
39.15417933999999 -74.20626864 1
39.137477239999996 -74.20626864 1
39.12077513999999 -74.20626864 1
39.104073039999996 -74.20626864 1
39.08737093999999 -74.20626864 1
39.070668839999996 -74.20626864 1
39.204285639999995 -74.22734514000001 1
39.18758353999999 -74.22734514000001 1
39.170881439999995 -74.22734514000001 1
39.15417933999999 -74.22734514000001 1
39.137477239999996 -74.22734514000001 1
39.12077513999999 -74.22734514000001 1
39.104073039999996 -74.22734514000001 1
39.08737093999999 -74.22734514000001 1
39.070668839999996 -74.22734514000001 1
39.05396673999999 -74.22734514000001 1
39.204285639999995 -74.24842164 1
39.18758353999999 -74.24842164 1
39.170881439999995 -74.24842164 1
39.15417933999999 -74.24842164 1
39.137477239999996 -74.24842164 1
39.12077513999999 -74.24842164 1
39.104073039999996 -74.24842164 1
39.08737093999999 -74.24842164 1
39.070668839999996 -74.24842164 1
39.05396673999999 -74.24842164 1
39.03726464 -74.24842164 1
39.237689839999994 -74.26949814000001 1
39.22098773999999 -74.26949814000001 1
39.204285639999995 -74.26949814000001 1
39.18758353999999 -74.26949814000001 1
39.170881439999995 -74.26949814000001 1
39.15417933999999 -74.26949814000001 1
39.137477239999996 -74.26949814000001 1
39.12077513999999 -74.26949814000001 1
39.104073039999996 -74.26949814000001 1
39.08737093999999 -74.26949814000001 1
39.070668839999996 -74.26949814000001 1
39.05396673999999 -74.26949814000001 1
39.03726464 -74.26949814000001 1
39.02056253999999 -74.26949814000001 1
39.271094039999994 -74.29057464000002 1
39.25439193999999 -74.29057464000002 1
39.237689839999994 -74.29057464000002 1
39.22098773999999 -74.29057464000002 1
39.204285639999995 -74.29057464000002 1
39.18758353999999 -74.29057464000002 1
39.170881439999995 -74.29057464000002 1
39.15417933999999 -74.29057464000002 1
39.137477239999996 -74.29057464000002 1
39.12077513999999 -74.29057464000002 1
39.104073039999996 -74.29057464000002 1
39.08737093999999 -74.29057464000002 1
39.070668839999996 -74.29057464000002 1
39.05396673999999 -74.29057464000002 1
39.03726464 -74.29057464000002 1
39.02056253999999 -74.29057464000002 1
39.00386044 -74.29057464000002 1
39.25439194 -74.31165114000001 1
39.237689839999994 -74.31165114000001 1
39.22098774 -74.31165114000001 1
39.204285639999995 -74.31165114000001 1
39.18758354 -74.31165114000001 1
39.170881439999995 -74.31165114000001 1
39.15417934 -74.31165114000001 1
39.137477239999996 -74.31165114000001 1
39.12077514 -74.31165114000001 1
39.104073039999996 -74.31165114000001 1
39.08737094 -74.31165114000001 1
39.070668839999996 -74.31165114000001 1
39.05396674 -74.31165114000001 1
39.03726464 -74.31165114000001 1
39.02056254 -74.31165114000001 1
39.00386044 -74.31165114000001 1
39.170881439999995 -74.39806479 1
39.18758354 -74.37488064000001 1
39.18758354 -74.35380414000001 1
39.18758354 -74.33272764000002 1
39.12077514 -74.33272764000002 1
39.104073039999996 -74.33272764000002 1
39.08737094 -74.33272764000002 1
39.070668839999996 -74.33272764000002 1
39.05396674 -74.33272764000002 1
39.03726464 -74.33272764000002 1
39.02056254 -74.33272764000002 1
39.00386044 -74.33272764000002 1
39.12077514 -74.35380414000001 1
39.104073039999996 -74.35380414000001 1
39.08737094 -74.35380414000001 1
39.070668839999996 -74.35380414000001 1
39.05396674 -74.35380414000001 1
39.03726464 -74.35380414000001 1
39.02056254 -74.35380414000001 1
39.00386044 -74.35380414000001 1
38.98715834 -74.35380414000001 1
38.97045624 -74.35380414000001 1
38.95375414 -74.35380414000001 1
39.12077514 -74.37488064000001 1
39.104073039999996 -74.37488064000001 1
39.08737094 -74.37488064000001 1
39.070668839999996 -74.37488064000001 1
39.05396674 -74.37488064000001 1
39.03726464 -74.37488064000001 1
39.02056254 -74.37488064000001 1
39.00386044 -74.37488064000001 1
38.98715834 -74.37488064000001 1
38.97045624 -74.37488064000001 1
38.95375414 -74.37488064000001 1
39.070668839999996 -74.39595714000001 1
39.05396673999999 -74.39595714000001 1
39.03726464 -74.39595714000001 1
39.02056253999999 -74.39595714000001 1
39.00386044 -74.39595714000001 1
38.98715833999999 -74.39595714000001 1
38.97045624 -74.39595714000001 1
38.953754139999994 -74.39595714000001 1
39.070668839999996 -74.41703364000001 1
39.05396673999999 -74.41703364000001 1
39.03726464 -74.41703364000001 1
39.02056253999999 -74.41703364000001 1
39.00386044 -74.41703364000001 1
38.98715833999999 -74.41703364000001 1
38.97045624 -74.41703364000001 1
38.953754139999994 -74.41703364000001 1
38.93705204 -74.41703364000001 1
38.920349939999994 -74.41703364000001 1
39.070668839999996 -74.43811014 1
39.05396673999999 -74.43811014 1
39.03726464 -74.43811014 1
39.104073039999996 -74.45918664000001 1
39.08737093999999 -74.45918664000001 1
39.070668839999996 -74.45918664000001 1
39.05396673999999 -74.45918664000001 1
39.03726464 -74.45918664000001 1
39.104073039999996 -74.48026314 1
39.08737093999999 -74.48026314 1
39.070668839999996 -74.48026314 1
39.05396673999999 -74.48026314 1
39.03726464 -74.48026314 1
38.72469742 -74.81309017 1
38.72469742 -74.79201366999999 1
38.72469742 -74.77093717 1
38.72469742 -74.74986066999999 1
38.72469742 -74.72878417 1
38.72469742 -74.70770766999999 1
38.72469742 -74.68663117 1
38.72469742 -74.66555466999999 1
38.72469742 -74.64447817 1
38.72469742 -74.62340166999999 1
38.70799532 -74.81309017 1
38.70799532 -74.79201366999999 1
38.70799532 -74.77093717 1
38.70799532 -74.74986066999999 1
38.70799532 -74.72878417 1
38.70799532 -74.70770766999999 1
38.70799532 -74.68663117 1
38.70799532 -74.66555466999999 1
38.70799532 -74.64447817 1
38.70799532 -74.62340166999999 1
38.70799532 -74.60232517 1
38.69129322 -74.81309017 1
38.69129322 -74.79201366999999 1
38.69129322 -74.77093717 1
38.69129322 -74.74986066999999 1
38.69129322 -74.72878417 1
38.69129322 -74.70770766999999 1
38.69129322 -74.68663117 1
38.69129322 -74.66555466999999 1
38.69129322 -74.64447817 1
38.69129322 -74.62340166999999 1
38.69129322 -74.60232517 1
38.67459112 -74.79201367 1
38.67459112 -74.77093717 1
38.67459112 -74.74986067 1
38.67459112 -74.72878417 1
38.67459112 -74.70770767 1
38.67459112 -74.68663117 1
38.67459112 -74.66555467 1
38.67459112 -74.64447817 1
38.67459112 -74.62340167 1
38.67459112 -74.60232517 1
38.65788902 -74.79201367 1
38.65788902 -74.77093717 1
38.65788902 -74.74986067 1
38.65788902 -74.72878417 1
38.65788902 -74.70770767 1
38.65788902 -74.68663117 1
38.65788902 -74.66555467 1
38.65788902 -74.64447817 1
38.65788902 -74.62340167 1
38.65788902 -74.60232517 1
38.64118692 -74.77093717 1
38.64118692 -74.74986066999999 1
38.64118692 -74.72878417 1
38.64118692 -74.70770766999999 1
38.64118692 -74.68663117 1
38.64118692 -74.66555466999999 1
38.64118692 -74.64447817 1
38.64118692 -74.62340166999999 1
38.64118692 -74.60232517 1
38.62448482 -74.77093717 1
38.62448482 -74.74986066999999 1
38.62448482 -74.72878417 1
38.62448482 -74.70770766999999 1
38.62448482 -74.68663117 1
38.62448482 -74.66555466999999 1
38.62448482 -74.64447817 1
38.62448482 -74.62340166999999 1
38.62448482 -74.60232517 1
38.59108062 -74.62340167 1
38.574378519999996 -74.62340167 1
38.59108062 -74.64447817 1
38.574378519999996 -74.64447817 1
38.55767642 -74.64447817 1
38.54097432 -74.64447817 1
38.52427222 -74.64447817 1
38.50757012 -74.64447817 1
38.59108062 -74.66555467 1
38.574378519999996 -74.66555467 1
38.55767642 -74.66555467 1
38.54097432 -74.66555467 1
38.52427222 -74.66555467 1
38.59108062 -74.68663117 1
38.574378519999996 -74.68663117 1
38.55767642 -74.68663117 1
38.59108062 -74.70770767 1
38.574378519999996 -74.70770767 1
38.59108062 -74.72878417 1
38.45274943 -74.84353114999999 1
38.436047329999994 -74.84353114999999 1
38.41934523 -74.84353114999999 1
38.402643129999994 -74.84353114999999 1
38.38594103 -74.84353114999999 1
38.369238929999995 -74.84353114999999 1
38.35253683 -74.84353114999999 1
38.335834729999995 -74.84353114999999 1
38.45274943 -74.82245465 1
38.436047329999994 -74.82245465 1
38.41934523 -74.82245465 1
38.402643129999994 -74.82245465 1
38.38594103 -74.82245465 1
38.369238929999995 -74.82245465 1
38.35253683 -74.82245465 1
38.335834729999995 -74.82245465 1
38.31913263 -74.82245465 1
38.302430529999995 -74.82245465 1
38.45274943 -74.80137814999999 1
38.436047329999994 -74.80137814999999 1
38.41934523 -74.80137814999999 1
38.402643129999994 -74.80137814999999 1
38.38594103 -74.80137814999999 1
38.369238929999995 -74.80137814999999 1
38.35253683 -74.80137814999999 1
38.335834729999995 -74.80137814999999 1
38.31913263 -74.80137814999999 1
38.302430529999995 -74.80137814999999 1
38.43604733 -74.78030165 1
38.41934523 -74.78030165 1
38.40264313 -74.78030165 1
38.38594103 -74.78030165 1
38.36923893 -74.78030165 1
38.35253683 -74.78030165 1
38.33583473 -74.78030165 1
38.31913263 -74.78030165 1
38.30243053 -74.78030165 1
38.41934523 -74.75922514999999 1
38.402643129999994 -74.75922514999999 1
38.38594103 -74.75922514999999 1
38.369238929999995 -74.75922514999999 1
38.35253683 -74.75922514999999 1
38.335834729999995 -74.75922514999999 1
38.31913263 -74.75922514999999 1
38.302430529999995 -74.75922514999999 1
38.28572843 -74.75922514999999 1
38.269026329999996 -74.75922514999999 1
38.38594103 -74.73814865 1
38.369238929999995 -74.73814865 1
38.35253683 -74.73814865 1
38.335834729999995 -74.73814865 1
38.31913263 -74.73814865 1
38.302430529999995 -74.73814865 1
38.28572843 -74.73814865 1
38.269026329999996 -74.73814865 1
38.36923893 -74.71707214999999 1
38.35253683 -74.71707214999999 1
38.33583473 -74.71707214999999 1
38.31913263 -74.71707214999999 1
38.30243053 -74.71707214999999 1
38.28572843 -74.71707214999999 1
38.26902633 -74.71707214999999 1
38.33583473 -74.69599565 1
38.31913263 -74.69599565 1
38.30243053 -74.69599565 1
38.28572843 -74.69599565 1
38.26902633 -74.69599565 1
38.31913263 -74.67491915 1
38.302430529999995 -74.67491915 1
38.28572843 -74.67491915 1
38.269026329999996 -74.67491915 1
38.30243053 -74.65384265 1
38.28572843 -74.65384265 1
38.26902633 -74.65384265 1
38.26902633 -74.63276615 1
