41.071524929999995 -70.39894081 1
41.05482282999999 -70.39894081 1
41.038120729999996 -70.39894081 1
41.02141862999999 -70.39894081 1
41.071524929999995 -70.42001730999999 1
41.05482282999999 -70.42001730999999 1
41.038120729999996 -70.42001730999999 1
41.02141862999999 -70.42001730999999 1
41.004716529999996 -70.42001730999999 1
41.071524929999995 -70.44109381 1
41.05482282999999 -70.44109381 1
41.038120729999996 -70.44109381 1
41.02141862999999 -70.44109381 1
41.004716529999996 -70.44109381 1
40.98801442999999 -70.44109381 1
41.12163123 -70.46217030999999 1
41.104929129999995 -70.46217030999999 1
41.08822703 -70.46217030999999 1
41.071524929999995 -70.46217030999999 1
41.05482283 -70.46217030999999 1
41.038120729999996 -70.46217030999999 1
41.02141863 -70.46217030999999 1
41.004716529999996 -70.46217030999999 1
40.98801443 -70.46217030999999 1
40.971312329999996 -70.46217030999999 1
41.12163123 -70.48324681 1
41.104929129999995 -70.48324681 1
41.08822703 -70.48324681 1
41.071524929999995 -70.48324681 1
41.05482283 -70.48324681 1
41.038120729999996 -70.48324681 1
41.02141863 -70.48324681 1
41.004716529999996 -70.48324681 1
40.98801443 -70.48324681 1
40.971312329999996 -70.48324681 1
40.95461023 -70.48324681 1
41.104929129999995 -70.50432331 1
41.08822702999999 -70.50432331 1
41.071524929999995 -70.50432331 1
41.05482282999999 -70.50432331 1
41.038120729999996 -70.50432331 1
41.02141862999999 -70.50432331 1
41.004716529999996 -70.50432331 1
40.98801442999999 -70.50432331 1
40.971312329999996 -70.50432331 1
40.95461022999999 -70.50432331 1
40.93790813 -70.50432331 1
41.08822703 -70.52539981 1
41.071524929999995 -70.52539981 1
41.05482283 -70.52539981 1
41.038120729999996 -70.52539981 1
41.02141863 -70.52539981 1
41.004716529999996 -70.52539981 1
40.98801443 -70.52539981 1
40.971312329999996 -70.52539981 1
40.95461023 -70.52539981 1
40.93790813 -70.52539981 1
40.92120603 -70.52539981 1
41.071524929999995 -70.54647631 1
41.05482282999999 -70.54647631 1
41.038120729999996 -70.54647631 1
41.02141862999999 -70.54647631 1
41.004716529999996 -70.54647631 1
40.98801442999999 -70.54647631 1
40.971312329999996 -70.54647631 1
40.95461022999999 -70.54647631 1
40.93790813 -70.54647631 1
40.92120602999999 -70.54647631 1
40.90450393 -70.54647631 1
41.05482283 -70.56755281 1
41.038120729999996 -70.56755281 1
41.02141863 -70.56755281 1
41.004716529999996 -70.56755281 1
40.98801443 -70.56755281 1
40.971312329999996 -70.56755281 1
40.95461023 -70.56755281 1
40.93790813 -70.56755281 1
40.92120603 -70.56755281 1
40.90450393 -70.56755281 1
40.88780183 -70.56755281 1
41.038120729999996 -70.58862931 1
41.02141862999999 -70.58862931 1
41.004716529999996 -70.58862931 1
40.98801442999999 -70.58862931 1
40.971312329999996 -70.58862931 1
40.95461022999999 -70.58862931 1
40.93790813 -70.58862931 1
40.92120602999999 -70.58862931 1
40.90450393 -70.58862931 1
40.887801829999994 -70.58862931 1
40.87109973 -70.58862931 1
41.02141863 -70.60970581 1
41.004716529999996 -70.60970581 1
40.98801443 -70.60970581 1
40.971312329999996 -70.60970581 1
40.95461023 -70.60970581 1
40.93790813 -70.60970581 1
40.92120603 -70.60970581 1
40.90450393 -70.60970581 1
40.88780183 -70.60970581 1
40.87109973 -70.60970581 1
40.85439763 -70.60970581 1
41.004716529999996 -70.63078231 1
40.98801442999999 -70.63078231 1
40.971312329999996 -70.63078231 1
40.95461022999999 -70.63078231 1
40.93790813 -70.63078231 1
40.92120602999999 -70.63078231 1
40.90450393 -70.63078231 1
40.887801829999994 -70.63078231 1
40.87109973 -70.63078231 1
40.854397629999994 -70.63078231 1
40.83769553 -70.63078231 1
40.98801443 -70.65185881 1
40.971312329999996 -70.65185881 1
40.95461023 -70.65185881 1
40.93790813 -70.65185881 1
40.92120603 -70.65185881 1
40.90450393 -70.65185881 1
40.88780183 -70.65185881 1
40.87109973 -70.65185881 1
40.85439763 -70.65185881 1
40.83769553 -70.65185881 1
40.82099343 -70.65185881 1
40.971312329999996 -70.67293531 1
40.95461022999999 -70.67293531 1
40.93790813 -70.67293531 1
40.92120602999999 -70.67293531 1
40.90450393 -70.67293531 1
40.887801829999994 -70.67293531 1
40.87109973 -70.67293531 1
40.854397629999994 -70.67293531 1
40.83769553 -70.67293531 1
40.820993429999994 -70.67293531 1
40.80429133 -70.67293531 1
40.95461023 -70.69401180999999 1
40.93790813 -70.69401180999999 1
40.92120603 -70.69401180999999 1
40.90450393 -70.69401180999999 1
40.88780183 -70.69401180999999 1
40.87109973 -70.69401180999999 1
40.85439763 -70.69401180999999 1
40.83769553 -70.69401180999999 1
40.82099343 -70.69401180999999 1
40.80429133 -70.69401180999999 1
40.78758923 -70.69401180999999 1
40.93790813 -70.71508831 1
40.92120602999999 -70.71508831 1
40.90450393 -70.71508831 1
40.887801829999994 -70.71508831 1
40.87109973 -70.71508831 1
40.854397629999994 -70.71508831 1
40.83769553 -70.71508831 1
40.820993429999994 -70.71508831 1
40.80429133 -70.71508831 1
40.787589229999995 -70.71508831 1
40.77088713 -70.71508831 1
40.92120603 -70.73616480999999 1
40.90450393 -70.73616480999999 1
40.88780183 -70.73616480999999 1
40.87109973 -70.73616480999999 1
40.85439763 -70.73616480999999 1
40.83769553 -70.73616480999999 1
40.82099343 -70.73616480999999 1
40.80429133 -70.73616480999999 1
40.78758923 -70.73616480999999 1
40.77088713 -70.73616480999999 1
40.90450393 -70.75724131 1
40.887801829999994 -70.75724131 1
40.87109973 -70.75724131 1
40.854397629999994 -70.75724131 1
40.88780183 -70.77831780999999 1
40.87109973 -70.77831780999999 1
40.85439763 -70.77831780999999 1
40.87109973 -70.79939431 1
40.854397629999994 -70.79939431 1
40.85439763 -70.82047081 1
